[(0, 0), (0, 1), (0, 2), (0, 3), (0, 4), (1, 4), (2, 4), (2, 5), (3, 5), (3, 6), (3, 7), (4, 7), (4, 8), (5, 8), (5, 7), (5, 6), (6, 6), (6, 5), (7, 5), (7, 6), (8, 6), (9, 6), (9, 7), (9, 8), (8, 8), (8, 7), (7, 7), (7, 8), (7, 9), (8, 9), (9, 9)]
[(0, 0), (1, 0), (2, 0), (2, 1), (1, 1), (1, 2), (1, 3), (2, 3), (2, 2), (3, 2), (3, 1), (4, 1), (4, 2), (5, 2), (5, 1), (5, 0), (6, 0), (7, 0), (8, 0), (9, 0), (9, 1), (9, 2), (8, 2), (8, 1), (7, 1), (6, 1), (6, 2), (6, 3), (7, 3), (8, 3), (9, 3), (9, 4), (9, 5), (8, 5), (8, 6), (7, 6), (7, 7), (8, 7), (9, 7), (9, 8), (9, 9)]
[(0, 0), (1, 0), (2, 0), (3, 0), (4, 0), (5, 0), (5, 1), (4, 1), (4, 2), (5, 2), (5, 3), (6, 3), (7, 3), (8, 3), (8, 4), (8, 5), (8, 6), (7, 6), (7, 7), (8, 7), (9, 7), (9, 8), (8, 8), (7, 8), (6, 8), (5, 8), (4, 8), (4, 9), (5, 9), (6, 9), (7, 9), (8, 9), (9, 9)]
[(0, 0), (0, 1), (1, 1), (1, 2), (1, 3), (0, 3), (0, 4), (0, 5), (1, 5), (1, 6), (0, 6), (0, 7), (0, 8), (0, 9), (0, 10), (0, 11), (0, 12), (0, 13), (1, 13), (2, 13), (2, 14), (3, 14), (3, 13), (4, 13), (4, 12), (3, 12), (3, 11), (3, 10), (2, 10), (2, 9), (3, 9), (3, 8), (3, 7), (4, 7), (4, 8), (5, 8), (5, 9), (4, 9), (4, 10), (5, 10), (6, 10), (6, 9), (6, 8), (7, 8), (7, 9), (8, 9), (8, 10), (9, 10), (9, 11), (10, 11), (10, 10), (11, 10), (11, 11), (12, 11), (12, 12), (11, 12), (11, 13), (10, 13), (10, 14), (10, 15), (11, 15), (12, 15), (12, 14), (13, 14), (14, 14), (15, 14), (16, 14), (16, 15), (15, 15), (14, 15), (13, 15), (13, 16), (12, 16), (11, 16), (11, 17), (10, 17), (9, 17), (9, 18), (10, 18), (10, 19), (11, 19), (12, 19), (13, 19), (14, 19), (15, 19), (16, 19), (17, 19), (17, 18), (16, 18), (16, 17), (15, 17), (14, 17), (14, 16), (15, 16), (16, 16), (17, 16), (17, 15), (18, 15), (18, 16), (18, 17), (18, 18), (18, 19), (19, 19)]
[(0, 0), (0, 1), (0, 2), (1, 2), (2, 2), (2, 3), (2, 4), (3, 4), (3, 3), (3, 2), (4, 2), (4, 3), (4, 4), (4, 5), (5, 5), (6, 5), (7, 5), (7, 6), (6, 6), (5, 6), (4, 6), (3, 6), (2, 6), (2, 7), (2, 8), (1, 8), (1, 9), (2, 9), (2, 10), (3, 10), (4, 10), (4, 9), (5, 9), (5, 10), (6, 10), (6, 9), (6, 8), (7, 8), (7, 9), (7, 10), (8, 10), (9, 10), (9, 9), (10, 9), (11, 9), (11, 10), (11, 11), (10, 11), (10, 12), (9, 12), (9, 13), (10, 13), (10, 14), (10, 15), (11, 15), (11, 16), (12, 16), (12, 17), (11, 17), (10, 17), (9, 17), (8, 17), (8, 16), (7, 16), (6, 16), (6, 17), (7, 17), (7, 18), (8, 18), (8, 19), (9, 19), (10, 19), (10, 18), (11, 18), (11, 19), (12, 19), (13, 19), (14, 19), (14, 18), (15, 18), (15, 19), (16, 19), (17, 19), (18, 19), (19, 19)]
[(0, 0), (1, 0), (2, 0), (3, 0), (4, 0), (5, 0), (5, 1), (5, 2), (5, 3), (5, 4), (5, 5), (5, 6), (6, 6), (6, 7), (6, 8), (6, 9), (7, 9), (8, 9), (9, 9)]
[(0, 0), (0, 1), (1, 1), (1, 2), (1, 3), (0, 3), (0, 4), (0, 5), (1, 5), (2, 5), (2, 6), (3, 6), (4, 6), (5, 6), (6, 6), (6, 7), (7, 7), (8, 7), (9, 7), (9, 8), (9, 9)]
[(0, 0), (0, 1), (0, 2), (0, 3), (1, 3), (2, 3), (2, 4), (3, 4), (4, 4), (5, 4), (6, 4), (6, 5), (7, 5), (7, 6), (7, 7), (8, 7), (8, 8), (8, 9), (9, 9)]
[(0, 0), (1, 0), (2, 0), (2, 1), (3, 1), (3, 2), (3, 3), (3, 4), (3, 5), (3, 6), (3, 7), (4, 7), (5, 7), (6, 7), (6, 8), (7, 8), (8, 8), (9, 8), (9, 9), (9, 10), (10, 10), (10, 11), (11, 11), (11, 12), (12, 12), (13, 12), (14, 12), (15, 12), (15, 13), (15, 14), (15, 15), (15, 16), (16, 16), (16, 17), (17, 17), (17, 18), (18, 18), (19, 18), (19, 19)]
[(0, 0), (1, 0), (2, 0), (3, 0), (3, 1), (3, 2), (4, 2), (4, 1), (5, 1), (6, 1), (7, 1), (7, 2), (7, 3), (7, 4), (7, 5), (6, 5), (6, 6), (5, 6), (5, 7), (5, 8), (5, 9), (6, 9), (6, 10), (7, 10), (7, 11), (7, 12), (7, 13), (6, 13), (6, 14), (6, 15), (7, 15), (7, 16), (7, 17), (8, 17), (9, 17), (9, 18), (10, 18), (10, 17), (10, 16), (11, 16), (12, 16), (13, 16), (14, 16), (15, 16), (16, 16), (17, 16), (18, 16), (18, 17), (18, 18), (19, 18), (19, 19)]
